1.00000000000e+05	3.206007e-04	0.000000e+00
1.09500000000e+05	3.205010e-04	0.000000e+00
1.19000000000e+05	3.205894e-04	0.000000e+00
1.28500000000e+05	3.207314e-04	0.000000e+00
1.38000000000e+05	3.210191e-04	0.000000e+00
1.47500000000e+05	3.211764e-04	0.000000e+00
1.57000000000e+05	3.212307e-04	0.000000e+00
1.66500000000e+05	3.216121e-04	0.000000e+00
1.76000000000e+05	3.217577e-04	0.000000e+00
1.85500000000e+05	3.218577e-04	0.000000e+00
1.95000000000e+05	3.222258e-04	0.000000e+00
2.04500000000e+05	3.224658e-04	0.000000e+00
2.14000000000e+05	3.229604e-04	0.000000e+00
2.23500000000e+05	3.232188e-04	0.000000e+00
2.33000000000e+05	3.237686e-04	0.000000e+00
2.42500000000e+05	3.242234e-04	0.000000e+00
2.52000000000e+05	3.245939e-04	0.000000e+00
2.61500000000e+05	3.251469e-04	0.000000e+00
2.71000000000e+05	3.256204e-04	0.000000e+00
2.80500000000e+05	3.259998e-04	0.000000e+00
2.90000000000e+05	3.265546e-04	0.000000e+00
2.99500000000e+05	3.271129e-04	0.000000e+00
3.09000000000e+05	3.276568e-04	0.000000e+00
3.18500000000e+05	3.282538e-04	0.000000e+00
3.28000000000e+05	3.289096e-04	0.000000e+00
3.37500000000e+05	3.294524e-04	0.000000e+00
3.47000000000e+05	3.301782e-04	0.000000e+00
3.56500000000e+05	3.308732e-04	0.000000e+00
3.66000000000e+05	3.316361e-04	0.000000e+00
3.75500000000e+05	3.322966e-04	0.000000e+00
3.85000000000e+05	3.329598e-04	0.000000e+00
3.94500000000e+05	3.338213e-04	0.000000e+00
4.04000000000e+05	3.345803e-04	0.000000e+00
4.13500000000e+05	3.354683e-04	0.000000e+00
4.23000000000e+05	3.363270e-04	0.000000e+00
4.32500000000e+05	3.372557e-04	0.000000e+00
4.42000000000e+05	3.382031e-04	0.000000e+00
4.51500000000e+05	3.391961e-04	0.000000e+00
4.61000000000e+05	3.400506e-04	0.000000e+00
4.70500000000e+05	3.410701e-04	0.000000e+00
4.80000000000e+05	3.422024e-04	0.000000e+00
4.89500000000e+05	3.431573e-04	0.000000e+00
4.99000000000e+05	3.441381e-04	0.000000e+00
5.08500000000e+05	3.453172e-04	0.000000e+00
5.18000000000e+05	3.464949e-04	0.000000e+00
5.27500000000e+05	3.476106e-04	0.000000e+00
5.37000000000e+05	3.488113e-04	0.000000e+00
5.46500000000e+05	3.501116e-04	0.000000e+00
5.56000000000e+05	3.513163e-04	0.000000e+00
5.65500000000e+05	3.525532e-04	0.000000e+00
5.75000000000e+05	3.538609e-04	0.000000e+00
5.84500000000e+05	3.551960e-04	0.000000e+00
5.94000000000e+05	3.566317e-04	0.000000e+00
6.03500000000e+05	3.581861e-04	0.000000e+00
6.13000000000e+05	3.595344e-04	0.000000e+00
6.22500000000e+05	3.610606e-04	0.000000e+00
6.32000000000e+05	3.626684e-04	0.000000e+00
6.41500000000e+05	3.641337e-04	0.000000e+00
6.51000000000e+05	3.656821e-04	0.000000e+00
6.60500000000e+05	3.673530e-04	0.000000e+00
6.70000000000e+05	3.689266e-04	0.000000e+00
6.79500000000e+05	3.707939e-04	0.000000e+00
6.89000000000e+05	3.726257e-04	0.000000e+00
6.98500000000e+05	3.744799e-04	0.000000e+00
7.08000000000e+05	3.761857e-04	0.000000e+00
7.17500000000e+05	3.781576e-04	0.000000e+00
7.27000000000e+05	3.799776e-04	0.000000e+00
7.36500000000e+05	3.820236e-04	0.000000e+00
7.46000000000e+05	3.841191e-04	0.000000e+00
7.55500000000e+05	3.862313e-04	0.000000e+00
7.65000000000e+05	3.882927e-04	0.000000e+00
7.74500000000e+05	3.904233e-04	0.000000e+00
7.84000000000e+05	3.927195e-04	0.000000e+00
7.93500000000e+05	3.950162e-04	0.000000e+00
8.03000000000e+05	3.973274e-04	0.000000e+00
8.12500000000e+05	3.996493e-04	0.000000e+00
8.22000000000e+05	4.020482e-04	0.000000e+00
8.31500000000e+05	4.045058e-04	0.000000e+00
8.41000000000e+05	4.070231e-04	0.000000e+00
8.50500000000e+05	4.096199e-04	0.000000e+00
8.60000000000e+05	4.123331e-04	0.000000e+00
8.69500000000e+05	4.151425e-04	0.000000e+00
8.79000000000e+05	4.179590e-04	0.000000e+00
8.88500000000e+05	4.208384e-04	0.000000e+00
8.98000000000e+05	4.236590e-04	0.000000e+00
9.07500000000e+05	4.265468e-04	0.000000e+00
9.17000000000e+05	4.295277e-04	0.000000e+00
9.26500000000e+05	4.327079e-04	0.000000e+00
9.36000000000e+05	4.359245e-04	0.000000e+00
9.45500000000e+05	4.391089e-04	0.000000e+00
9.55000000000e+05	4.425344e-04	0.000000e+00
9.64500000000e+05	4.459381e-04	0.000000e+00
9.74000000000e+05	4.491016e-04	0.000000e+00
9.83500000000e+05	4.527819e-04	0.000000e+00
9.93000000000e+05	4.564872e-04	0.000000e+00
1.00250000000e+06	4.604386e-04	0.000000e+00
1.01200000000e+06	4.642138e-04	0.000000e+00
1.02150000000e+06	4.679623e-04	0.000000e+00
1.03100000000e+06	4.720071e-04	0.000000e+00
1.04050000000e+06	4.760394e-04	0.000000e+00
1.05000000000e+06	4.801916e-04	0.000000e+00
1.05950000000e+06	4.845940e-04	0.000000e+00
1.06900000000e+06	4.891864e-04	0.000000e+00
1.07850000000e+06	4.938025e-04	0.000000e+00
1.08800000000e+06	4.983371e-04	0.000000e+00
1.09750000000e+06	5.029838e-04	0.000000e+00
1.10700000000e+06	5.081123e-04	0.000000e+00
1.11650000000e+06	5.130835e-04	0.000000e+00
1.12600000000e+06	5.183765e-04	0.000000e+00
1.13550000000e+06	5.233671e-04	0.000000e+00
1.14500000000e+06	5.290576e-04	0.000000e+00
1.15450000000e+06	5.346006e-04	0.000000e+00
1.16400000000e+06	5.405457e-04	0.000000e+00
1.17350000000e+06	5.468116e-04	0.000000e+00
1.18300000000e+06	5.529161e-04	0.000000e+00
1.19250000000e+06	5.589020e-04	0.000000e+00
1.20200000000e+06	5.654343e-04	0.000000e+00
1.21150000000e+06	5.719242e-04	0.000000e+00
1.22100000000e+06	5.790712e-04	0.000000e+00
1.23050000000e+06	5.860951e-04	0.000000e+00
1.24000000000e+06	5.936105e-04	0.000000e+00
1.24950000000e+06	6.012409e-04	0.000000e+00
1.25900000000e+06	6.089705e-04	0.000000e+00
1.26850000000e+06	6.171714e-04	0.000000e+00
1.27800000000e+06	6.255357e-04	0.000000e+00
1.28750000000e+06	6.341477e-04	0.000000e+00
1.29700000000e+06	6.430045e-04	0.000000e+00
1.30650000000e+06	6.524866e-04	0.000000e+00
1.31600000000e+06	6.618276e-04	0.000000e+00
1.32550000000e+06	6.716956e-04	0.000000e+00
1.33500000000e+06	6.820199e-04	0.000000e+00
1.34450000000e+06	6.927010e-04	0.000000e+00
1.35400000000e+06	7.036926e-04	0.000000e+00
1.36350000000e+06	7.151547e-04	0.000000e+00
1.37300000000e+06	7.274344e-04	0.000000e+00
1.38250000000e+06	7.397527e-04	0.000000e+00
1.39200000000e+06	7.526085e-04	0.000000e+00
1.40150000000e+06	7.660970e-04	0.000000e+00
1.41100000000e+06	7.799249e-04	0.000000e+00
1.42050000000e+06	7.944316e-04	0.000000e+00
1.43000000000e+06	8.095212e-04	0.000000e+00
1.43950000000e+06	8.253496e-04	0.000000e+00
1.44900000000e+06	8.424695e-04	0.000000e+00
1.45850000000e+06	8.597271e-04	0.000000e+00
1.46800000000e+06	8.771525e-04	0.000000e+00
1.47750000000e+06	8.963429e-04	0.000000e+00
1.48700000000e+06	9.162070e-04	0.000000e+00
1.49650000000e+06	9.372410e-04	0.000000e+00
1.50600000000e+06	9.592368e-04	0.000000e+00
1.51550000000e+06	9.819852e-04	0.000000e+00
1.52500000000e+06	1.006354e-03	0.000000e+00
1.53450000000e+06	1.032385e-03	0.000000e+00
1.54400000000e+06	1.057929e-03	0.000000e+00
1.55350000000e+06	1.086735e-03	0.000000e+00
1.56300000000e+06	1.117161e-03	0.000000e+00
1.57250000000e+06	1.147611e-03	0.000000e+00
1.58200000000e+06	1.181288e-03	0.000000e+00
1.59150000000e+06	1.216605e-03	0.000000e+00
1.60100000000e+06	1.253995e-03	0.000000e+00
1.61050000000e+06	1.292912e-03	0.000000e+00
1.62000000000e+06	1.334952e-03	0.000000e+00
1.62950000000e+06	1.378764e-03	0.000000e+00
1.63900000000e+06	1.425732e-03	0.000000e+00
1.64850000000e+06	1.473975e-03	0.000000e+00
1.65800000000e+06	1.526142e-03	0.000000e+00
1.66750000000e+06	1.579742e-03	0.000000e+00
1.67700000000e+06	1.637545e-03	0.000000e+00
1.68650000000e+06	1.695842e-03	0.000000e+00
1.69600000000e+06	1.756193e-03	0.000000e+00
1.70550000000e+06	1.819230e-03	0.000000e+00
1.71500000000e+06	1.880144e-03	0.000000e+00
1.72450000000e+06	1.938368e-03	0.000000e+00
1.73400000000e+06	1.991301e-03	0.000000e+00
1.74350000000e+06	2.034065e-03	0.000000e+00
1.75300000000e+06	2.061185e-03	0.000000e+00
1.76250000000e+06	2.064804e-03	0.000000e+00
1.77200000000e+06	2.032320e-03	0.000000e+00
1.78150000000e+06	1.956915e-03	0.000000e+00
1.79100000000e+06	1.816904e-03	0.000000e+00
1.80050000000e+06	1.597659e-03	0.000000e+00
1.81000000000e+06	1.294553e-03	0.000000e+00
1.81950000000e+06	9.101070e-04	0.000000e+00
1.82900000000e+06	4.656513e-04	0.000000e+00
1.83850000000e+06	-4.356902e-06	0.000000e+00
1.84800000000e+06	-4.575184e-04	0.000000e+00
1.85750000000e+06	-8.662367e-04	0.000000e+00
1.86700000000e+06	-1.198499e-03	0.000000e+00
1.87650000000e+06	-1.442427e-03	0.000000e+00
1.88600000000e+06	-1.625027e-03	0.000000e+00
1.89550000000e+06	-1.727850e-03	0.000000e+00
1.90500000000e+06	-1.787492e-03	0.000000e+00
1.91450000000e+06	-1.799849e-03	0.000000e+00
1.92400000000e+06	-1.788690e-03	0.000000e+00
1.93350000000e+06	-1.756630e-03	0.000000e+00
1.94300000000e+06	-1.712003e-03	0.000000e+00
1.95250000000e+06	-1.664681e-03	0.000000e+00
1.96200000000e+06	-1.609627e-03	0.000000e+00
1.97150000000e+06	-1.553905e-03	0.000000e+00
1.98100000000e+06	-1.500113e-03	0.000000e+00
1.99050000000e+06	-1.444943e-03	0.000000e+00
2.00000000000e+06	-1.391428e-03	0.000000e+00